191
252
383
426
447
501
654
657
663
746
752
1203
1243
1425
1549
1586
1601
1644
1707
2035
2182
2211
2413
2561
2738
2764
2806
2951
2970
3004
3142
3233
3521
3531
3627
3644
3715
3766
3826
4056
4204
4471
4518
4544
4701
4800
4878
4880
4887
4931
5158
5209
5300
5526
5529
5728
5822
5930
6154
6302
6384
6391
6539
6654
6715
6892
6900
7058
7172
7365
7474
7549
7552
7763
7764
7774
8071
8222
8233
8310
8446
8694
8695
8720
8744
9134
9277
9486
9649
9659
9687
9694
9710
9791
9924
9939
9964
10103
10141
10145
10254
10333
10393
10540
10792
10947
10970
11220
11311
11327
11409
11602
11989
12049
12265
12289
12349
12435
12699
12702
12731
12960
13043
13269
13584
13722
13800
13877
13923
13992
14089
14097
14156
14246
14620
14745
14872
14894
15012
15097
15339
15449
15586
15598
15654
15669
15797
15813
16013
16182
16247
16267
16318
16498
16878
16963
17148
17158
17224
17396
17438
17478
17620
18014
18206
18238
18267
18291
18558
18612
18617
18747
18817
19353
19480
19645
19797
19807
19842
19867
20132
20141
20256
20326
20377
20504
20719
20731
21098
21104
21106
21218
21278
21328
21608
21631
21636
21657
21679
21730
21916
21939
21973
22118
22330
22424
22589
22630
23006
23097
23224
23284
23505
23544
23782
23819
23886
23906
23920
23944
24024
24120
24198
24225
24230
24376
24458
24742
24823
24939
24952
24967
25118
25142
25158
25171
25256
25404
25525
25828
25904
25932
25946
26048
26131
26348
26405
26424
26536
26575
26600
26611
26618
27037
27197
27442
27481
27499
27598
27630
27749
27833
28048
28122
28146
28267
28359
28370
28466
28655
28696
28730
28861
29047
29244
29257
29387
29418
29711
29714
29762
29980
30092
30161
30320
30459
30523
30750
30847
30858
30965
31021
31328
31350
31574
31629
31632
31751
31768
31790
31807
31846
31856
31884
31981
32252
32300
32400
32402
32542
32547
32901
32954
33002
33015
33194
33434
33555
33856
33940
34024
34087
34170
34234
34334
34411
34483
34818
34926
34942
35022
35150
35283
35324
35433
35542
35615
35855
36039
36075
36183
36212
36400
36552
36740
37011
37013
37225
37304
37313
37329
37333
37493
37515
37679
38038
38084
38095
38110
38176
38294
38594
38791
38955
39154
39225
39401
39512
39631
39668
40068
40226
40322
40356
40435
40530
40544
40547
40596
40681
41036
41374
41410
41577
41895
41898
42241
42325
42329
42368
42833
42848
42872
43079
43123
43213
43524
43672
43841
43952
43979
44045
44111
44229
44341
44398
44464
44717
44917
44980
45225
45327
45424
45471
45747
45819
45823
45849
45933
45949
46059
46077
46112
46398
46545
46817
46976
47515
47748
47938
47962
48242
48415
48505
48958
49091
49184
49256
49282
49496
49509
49591
49812
49985
50001
50136
50140
50157
50178
50326
50392
50801
50809
50906
50925
50956
50968
51019
51070
51272
51305
51320
51754
51781
51862
51987
52010
52217
52228
52289
52325
52407
52428
52441
52571
52663
52702
52738
52899
52922
52957
53037
53105
53299
53308
53344
53742
53762
53778
53812
54224
54255
54331
54370
54577
54591
54941
55059
55228
55732
