12
17
21
26
32
39
53
77
84
89
90
100
120
121
129
134
135
143
164
173
187
189
193
212
220
227
228
231
232
236
255
258
262
264
266
270
272
297
302
308
322
328
330
336
342
361
371
377
384
389
399
402
404
419
425
441
457
467
476
477
489
490
507
509
515
528
543
546
549
556
569
580
586
587
596
604
605
610
624
632
633
635
639
658
665
670
672
676
696
708
714
731
733
740
749
750
751
755
778
788
802
813
816
829
837
868
870
891
892
896
901
930
934
945
984
997
1006
1016
1017
1036
1037
1052
1054
1083
1108
1124
1137
1143
1144
1163
1177
1196
1208
1213
1237
1240
1244
1254
1257
1263
1264
1266
1278
1289
1290
1295
1305
1306
1311
1317
1329
1339
1341
1351
1353
1354
1358
1362
1364
1376
1381
1383
1387
1391
1397
1398
1404
1435
1439
1448
1450
1451
1465
1466
1474
1483
1485
1488
1499
1501
1523
1546
1558
1570
1577
1583
1587
1596
1605
1617
1622
1623
1624
1629
1633
1646
1654
1667
1670
1678
1694
1695
1700
1717
1726
1730
1734
1765
1766
1767
1768
1772
1787
1795
1797
1798
1799
1805
1811
1813
1816
1833
1861
1869
1879
1884
1928
1929
1933
1942
1946
1950
1991
1997
1999
2004
2021
2025
2028
2034
2046
2049
2079
2080
2083
2089
2096
2099
2108
2109
2121
2125
2141
2147
2151
2153
2171
2192
2200
2204
2225
2233
2234
2243
2250
2253
2254
2256
2261
2275
2285
2290
2306
2309
2330
2333
2343
2344
2351
2381
2390
2400
2405
2417
2421
2425
2433
2435
2466
2470
2472
2473
2479
2482
2496
2516
2518
2534
2550
2551
2558
2573
2581
2583
2589
2604
2607
2614
2618
2624
2627
2637
2652
2667
2677
2694
2695
2696
2699
2701
2723
2744
2748
2768
2769
2773
2779
2791
2801
2802
2804
2823
2828
2833
2841
2862
2867
2870
2874
2879
2889
2895
2898
2915
2918
2921
2923
2932
2936
2944
2954
2966
2976
2978
2987
2990
2992
2995
2999
3012
3016
3031
3039
3051
3066
3067
3072
3075
3076
3078
3082
3092
3097
3112
3122
3123
3125
3127
3133
3135
3161
3172
3174
3181
3190
3195
3202
3205
3209
3211
3217
3240
3242
3243
3249
3250
3253
3271
3293
3296
3298
3300
3301
3310
3313
3314
3323
3325
3334
3335
3336
3340
3366
3381
3390
3392
3394
3438
3440
3448
3451
3453
3467
3472
3474
3490
3498
3499
3510
3516
3537
3541
3558
3566
3572
3598
3613
3614
3620
3622
3648
3652
3662
3663
3676
3685
3706
3714
3719
3721
3723
3740
3745
3751
3754
3759
3765
3772
3795
3796
3797
3802
3803
3809
3811
3836
3846
3847
3852
3856
3877
3880
3881
3884
3893
3920
3929
3934
3940
3942
3952
3963
3967
3973
3983
3992
3993
3996
3999
4015
4018
4040
4052
4059
4065
4067
4068
4069
4080
4095
4106
4115
4120
4121
4123
4131
4134
4140
4179
4184
4189
4199
4211
4214
4219
4225
4230
4232
4244
4246
4247
4250
4252
4270
4271
4272
4273
4275
4277
4279
4283
4290
4301
4305
4309
4315
4319
4324
4325
4329
4343
4354
4356
4359
4364
4377
4379
4384
4393
4403
4416
4419
4422
4427
4428
4432
4452
4474
4510
4514
4516
4532
4535
4540
4543
4545
4555
4557
4558
4566
4582
4583
4594
4601
4607
4611
4614
4627
4633
4642
4672
4692
4694
4712
4720
4736
4743
4747
4748
4754
4756
4771
4773
4775
4778
4781
4797
4801
4802
4805
4808
4812
4839
4874
4877
4881
4884
4889
4890
4912
4914
4928
4932
4942
4952
4955
4957
4970
4975
4977
4983
4985
4989
4994
5003
5013
5016
5025
5042
5052
5062
5064
5067
5068
5071
5076
5082
5085
5097
5099
5107
5113
5115
5124
5134
5135
5136
5150
5163
5168
5179
5198
5200
5201
5218
5219
5228
5229
5238
5244
5246
5260
5280
5299
5305
5308
5315
5317
5324
5334
5337
5338
5347
5354
5358
5359
5363
5364
5384
5392
5408
5411
5412
5418
5422
5430
5434
5436
5462
5480
5493
5516
5531
5538
5541
5546
5547
5550
5560
5562
5580
5586
5589
5601
5602
5612
5620
5633
5634
5642
5647
5675
5707
5717
5719
5738
5752
5759
5762
5765
5773
5777
5784
5793
5804
5813
5817
5828
5835
5838
5839
5849
5856
5861
5868
5873
5875
5878
5888
5897
5904
5911
5921
5923
5970
5974
5979
5980
5982
5989
5990
6001
6011
6026
6042
6052
6055
6059
6067
6106
6114
6117
6121
6122
6133
6136
6143
6144
6152
6158
6160
6161
6163
6171
6177
6182
6189
6198
6209
6213
6231
6234
6236
6240
6241
6243
6244
6247
6264
6282
6283
6284
6286
6294
6304
6305
6324
6337
6345
6346
6373
6387
6392
6400
6405
6424
6432
6438
6457
6475
6480
6496
6505
6506
6510
6515
6517
6518
6538
6552
6553
6557
6559
6568
6578
6580
6589
6591
6604
6643
6651
6655
6721
6731
6746
6747
6752
6755
6761
6771
6780
6786
6789
6790
6820
6831
6841
6859
6862
6866
6867
6869
6874
6881
6883
6887
6903
6906
6915
6916
6924
6926
6940
6953
6956
6957
6959
6966
6967
6974
6988
7000
7002
7003
7017
7019
7035
7038
7043
7049
7052
7062
7065
7076
7078
7079
7099
7110
7113
7114
7135
7139
7148
7161
7162
7168
7180
7183
7191
7193
7205
7208
7212
7213
7214
7231
7246
7247
7258
7266
7275
7282
7297
7306
7316
7324
7334
7361
7383
7385
7392
7400
7401
7416
7419
7421
7429
7431
7435
7446
7451
7459
7469
7484
7485
7488
7494
7507
7532
7548
7554
7556
7569
7574
7575
7577
7583
7586
7596
7606
7616
7631
7633
7652
7658
7659
7669
7673
7681
7698
7710
7713
7715
7736
7739
7745
7747
7749
7751
7762
7790
7793
7797
7801
7810
7814
7828
7830
7845
7846
7851
7858
7867
7881
7890
7900
7901
7909
7918
7923
7927
7933
7938
7940
7961
7962
7967
7970
7997
8001
8002
8007
8011
8018
8030
8034
8037
8039
8050
8056
8066
8067
8078
8086
8094
8120
8122
8131
8136
8157
8158
8167
8169
8170
8172
8179
8190
8192
8196
8214
8224
8237
8263
8267
8280
8284
8291
8297
8302
8306
8307
8308
8311
8318
8321
8323
8326
8336
8339
8341
8346
8347
8355
8359
8361
8375
8385
8390
8392
8399
8400
8408
8411
8413
8415
8443
8448
8449
8462
8468
8469
8472
8497
8513
8515
8520
8523
8526
8529
8545
8555
8564
8568
8577
8602
8610
8622
8630
8632
8650
8656
8665
8668
8673
8684
8700
8728
8743
8758
8775
8781
8789
8793
8794
8795
8800
8801
8806
8813
8818
8830
8852
8885
8887
8892
8893
8928
8937
8941
8942
8946
8949
8963
8968
8969
8972
8977
8979
8982
8989
8994
8996
9020
9026
9039
9043
9051
9064
9068
9071
9075
9079
9093
9097
9105
9144
9153
9157
9163
9170
9173
9177
9194
9199
9207
9212
9213
9219
9221
9243
9249
9270
9276
9282
9294
9301
9303
9305
9316
9317
9331
9336
9337
9362
9369
9370
9373
9374
9379
9380
9392
9396
9402
9406
9412
9446
9456
9457
9470
9472
9475
9476
9490
9506
9510
9523
9554
9567
9568
9570
9581
9586
9591
9592
9595
9621
9629
9633
9647
9648
9657
9660
9672
9685
9686
9700
9701
9711
9715
9724
9727
9728
9751
9760
9762
9790
9804
9806
9810
9812
9814
9819
9833
9839
9843
9856
9862
9874
9897
9909
9918
9925
9948
9960
9973
9994
9997
10000
10007
10017
10019
10023
10030
10031
10039
10042
10045
10049
10055
10061
10062
10065
10087
10091
10099
10101
10105
10117
10118
10122
10126
10127
10133
10147
10152
10161
10180
10189
10195
10196
10207
10211
10221
10227
10228
10237
10241
10258
10271
10272
10277
10293
10301
10322
10324
10331
10358
10370
10380
10408
10418
10438
10440
10461
10463
10480
10489
10496
10513
10543
10554
10559
10566
10570
10573
10577
10578
10579
10588
10592
10608
10611
10618
10625
10628
10636
10637
10656
10721
10724
10728
10744
10746
10752
10758
10762
10784
10796
10801
10803
10817
10818
10822
10824
10852
10869
10886
10887
10890
10904
10925
10926
10942
10957
10966
10974
11000
11004
11010
11017
11025
11034
11045
11090
11091
11102
11114
11119
11120
11122
11125
11134
11143
11152
11162
11165
11175
11177
11179
11188
11210
11216
11225
11234
11244
11257
11269
11272
11273
11278
11301
11302
11316
11317
11318
11321
11329
11337
11340
11349
11350
11354
11358
11365
11380
11387
11389
11390
11391
11393
11394
11424
11429
11430
11431
11432
11434
11435
11437
11460
11489
11493
11494
11497
11504
11517
11532
11536
11546
11554
11558
11559
11560
11568
11575
11586
11587
11589
11598
11604
11612
11613
11623
11629
11639
11643
11650
11652
11656
11657
11665
11672
11689
11692
11694
11698
11715
11717
11722
11723
11725
11727
11735
11756
11762
11768
11769
11777
11783
11792
11797
11824
11837
11844
11845
11854
11858
11859
11867
11891
11894
11895
11898
11901
11905
11913
11918
11922
11929
11937
11945
11946
11957
11976
11977
11980
11988
12005
12013
12022
12023
12029
12039
12040
12082
12103
12109
12121
12130
12133
12135
12138
12147
12148
12158
12175
12177
12179
12184
12188
12198
12217
12222
12223
12227
12238
12254
12264
12268
12283
12287
12293
12295
12296
12297
12316
12317
12320
12328
12345
12363
12373
12381
12388
12389
12403
12411
12419
12424
12426
12443
12445
12471
12472
12474
12476
12489
12505
12506
12513
12522
12523
12524
12528
12550
12553
12567
12569
12574
12575
12587
12588
12589
12594
12605
12606
12609
12610
12621
12623
12640
12652
12662
12666
12676
12677
12679
12680
12685
12695
12711
12726
12739
12741
12750
12755
12773
12792
12800
12801
12802
12807
12824
12827
12834
12857
12858
12863
12865
12880
12881
12897
12901
12907
12913
12919
12931
12942
12947
12955
12967
12985
12988
13020
13022
13027
13029
13037
13039
13047
13074
13087
13096
13105
13108
13120
13123
13129
13132
13133
13134
13139
13143
13161
13183
13191
13193
13208
13210
13223
13227
13231
13236
13238
13247
13250
13256
13262
13278
13285
13309
13313
13314
13316
13319
13320
13321
13332
13351
13352
13363
13375
13381
13384
13389
13400
13408
13413
13418
13422
13425
13434
13461
13472
13481
13520
13527
13534
13535
13550
13566
13574
13582
13585
13591
13594
13604
13608
13625
13642
13644
13647
13655
13659
13660
13669
13674
13692
13701
13702
13703
13719
13724
13736
13744
13756
13759
13775
13785
13787
13788
13796
13803
13821
13822
13823
13828
13835
13837
13841
13845
13852
13863
13895
13896
13909
13920
13935
13952
13956
13966
13973
13989
13997
13999
14027
14028
14033
14041
14044
14056
14058
14064
14065
14072
14080
14082
14085
14093
14107
14117
14118
14122
14132
14136
14153
14159
14160
14177
14187
14190
14206
14225
14227
14238
14239
14241
14242
14245
14253
14254
14270
14285
14287
14299
14300
14323
14334
14337
14345
14352
14361
14363
14373
14375
14381
14397
14399
14408
14415
14421
14427
14428
14440
14446
14457
14463
14464
14474
14478
14507
14509
14515
14517
14542
14561
14577
14578
14587
14589
14591
14606
14608
14622
14627
14640
14641
14648
14653
14655
14657
14664
14685
14697
14705
14729
14730
14733
14744
14763
14766
14785
14795
14805
14806
14810
14820
14830
14838
14843
14851
14852
14853
14857
14860
14862
14866
14878
14883
14896
14898
14904
14906
14916
14926
14928
14933
14934
14944
14948
14971
14988
14995
15002
15018
15020
15025
15028
15034
15036
15040
15050
15052
15060
15064
15071
15076
15086
15098
15101
15105
15106
15116
15137
15139
15148
15154
15196
15200
15203
15206
15222
15236
15243
15254
15258
15265
15289
15294
15297
15301
15307
15319
15323
15325
15327
15335
15354
15364
15370
15394
15398
15402
15408
15419
15422
15430
15434
15435
15481
15487
15495
15509
15512
15525
15579
15582
15589
15592
15594
15607
15613
15636
15643
15644
15647
15662
15665
15667
15678
15692
15697
15702
15719
15733
15756
15774
15810
15812
15814
15818
15819
15835
15843
15854
15884
15893
15902
15904
15907
15929
15931
15935
15943
15946
15950
15962
15993
15998
16009
16027
16034
16039
16044
16046
16049
16067
16078
16085
16093
16113
16115
16116
16126
16131
16132
16147
16148
16153
16156
16180
16181
16185
16193
16196
16197
16201
16227
16240
16250
16260
16269
16277
16283
16286
16292
16308
16328
16343
16344
16345
16350
16363
16368
16385
16387
16401
16420
16423
16433
16437
16464
16473
16479
16491
16499
16501
16503
16525
16531
16549
16558
16563
16568
16574
16604
16606
16610
16626
16631
16637
16638
16655
16662
16664
16674
16704
16708
16711
16719
16740
16744
16750
16752
16760
16767
16781
16785
16786
16787
16790
16794
16800
16802
16822
16823
16826
16829
16838
16840
16841
16855
16857
16865
16866
16873
16874
16879
16885
16890
16902
16921
16948
16952
16974
16975
16982
16985
17006
17019
17020
17058
17079
17085
17088
17097
17099
17104
17106
17107
17113
17114
17130
17131
17140
17141
17146
17152
17171
17173
17174
17175
17179
17192
17235
17244
17245
17256
17272
17276
17279
17302
17303
17310
17312
17322
17335
17336
17337
17342
17351
17352
17356
17357
17366
17377
17384
17398
17408
17410
17415
17416
17435
17455
17456
17461
17463
17473
17490
17492
17493
17503
17504
17510
17513
17523
17540
17544
17558
17566
17581
17593
17594
17597
17602
17608
17613
17621
17625
17627
17630
17635
17643
17653
17654
17658
17667
17668
17669
17682
17695
17706
17708
17711
17726
17731
17745
17763
17768
17772
17792
17798
17803
17807
17808
17810
17812
17814
17832
17841
17852
17863
17868
17879
17886
17887
17898
17902
17925
17934
17942
17948
17976
17979
17989
17992
17995
18005
18007
18008
18011
18016
18017
18020
18034
18035
18046
18048
18052
18058
18065
18072
18079
18085
18088
18090
18091
18095
18099
18125
18129
18140
18149
18151
18158
18159
18160
18174
18176
18198
18204
18221
18222
18233
18246
18254
18261
18265
18269
18279
18282
18292
18299
18302
18307
18310
18325
18334
18340
18353
18368
18376
18377
18388
18391
18392
18395
18398
18405
18419
18424
18456
18461
18469
18481
18482
18488
18496
18500
18501
18502
18504
18513
18520
18535
18546
18550
18557
18564
18586
18602
18613
18656
18675
18684
18685
18691
18695
18707
18718
18740
18741
18771
18780
18790
18795
18796
18812
18832
18844
18877
18880
18882
18887
18897
18901
18903
18906
18907
18930
18945
18947
18953
18961
18975
18998
19002
19009
19018
19022
19031
19036
19043
19045
19047
19048
19070
19082
19093
19097
19102
19115
19126
19133
19138
19140
19145
19201
19212
19218
19223
19241
19242
19247
19277
19286
19294
19295
19314
19318
19320
19329
19330
19350
19357
19360
19361
19365
19369
19371
19375
19380
19383
19392
19397
19400
19402
19407
19413
19418
19426
19433
19437
19440
19453
19455
19472
19494
19525
19532
19557
19561
19563
19564
19567
19570
19596
19601
19604
19605
19611
19613
19621
19628
19630
19631
19636
19638
19648
19652
19666
19673
19674
19688
19702
19705
19721
19730
19741
19744
19746
19752
19758
19775
19780
19783
19789
19793
19794
19798
19804
19806
19815
19838
19841
19848
19852
19854
19858
19860
19863
19864
19865
19866
19869
19873
19875
19887
19888
19889
19898
19910
19911
19913
19916
19924
19926
19928
19930
19933
19934
19937
19949
19951
19957
19963
19975
19976
19989
19991
20012
20027
20030
20037
20047
20059
20087
20092
20117
20120
20145
20148
20153
20160
20166
20173
20177
20181
20186
20188
20195
20200
20206
20214
20215
20217
20239
20243
20251
20255
20280
20282
20283
20287
20294
20295
20307
20312
20317
20333
20335
20359
20361
20380
20440
20447
20467
20468
20495
20512
20533
20557
20558
20561
20570
20579
20584
20588
20591
20594
20617
20619
20622
20628
20630
20655
20658
20659
20665
20667
20688
20697
20705
20711
20717
20760
20772
20780
20804
20817
20818
20819
20823
20826
20831
20837
20840
20853
20874
20878
20884
20887
20890
20891
20895
20902
20911
20916
20925
20926
20946
20949
20966
20993
20995
21000
21001
21031
21035
21042
21066
21069
21079
21084
21087
21112
21115
21117
21121
21123
21126
21134
21148
21152
21153
21158
21165
21174
21175
21179
21180
21189
21191
21198
21206
21215
21228
21231
21232
21241
21244
21248
21250
21256
21257
21264
21270
21271
21272
21275
21280
21281
21282
21290
21292
21299
21307
21309
21312
21326
21329
21340
21343
21350
21355
21360
21364
21397
21400
21406
21417
21420
21422
21435
21442
21446
21448
21453
21456
21457
21464
21468
21481
21483
21484
21490
21495
21506
21520
21523
21551
21553
21554
21560
21575
21576
21578
21586
21595
21596
21599
21611
21619
21625
21650
21654
21658
21670
21693
21711
21725
21728
21756
21757
21775
21782
21785
21791
21794
21802
21809
21820
21826
21828
21841
21851
21872
21884
21891
21893
21899
21901
21902
21919
21927
21932
21934
21943
21948
21974
21977
21994
22004
22005
22010
22013
22035
22036
22043
22045
22069
22071
22073
22077
22084
22098
22114
22120
22124
22133
22143
22148
22160
22162
22179
22201
22203
22232
22233
22261
22266
22276
22282
22284
22300
22301
22306
22324
22329
22332
22334
22339
22347
22352
22354
22372
22384
22412
22427
22431
22439
22443
22446
22449
22462
22463
22464
22470
22471
22497
22499
22506
22513
22527
22528
22530
22544
22545
22549
22555
22568
22569
22570
22571
22578
22582
22583
22584
22586
22595
22611
22622
22631
22652
22661
22672
22698
22710
22714
22724
22731
22752
22761
22763
22765
22775
22782
22785
22788
22790
22799
22801
22818
22835
22842
22850
22853
22863
22869
22893
22913
22931
22933
22934
22943
22951
22962
22970
22987
22991
22992
23000
23010
23035
23039
23046
23060
23081
23099
23133
23135
23144
23145
23160
23168
23172
23177
23182
23197
23208
23210
23211
23219
23227
23233
23239
23246
23248
23258
23265
23277
23289
23292
23298
23299
23303
23313
23318
23327
23330
23333
23336
23345
23346
23352
23362
23370
23379
23380
23396
23401
23407
23417
23425
23452
23463
23483
23485
23504
23511
23524
23549
23554
23558
23562
23566
23575
23578
23581
23590
23594
23602
23604
23614
23618
23626
23627
23633
23639
23653
23659
23661
23664
23668
23677
23682
23687
23705
23707
23716
23720
23722
23728
23730
23740
23752
23758
23760
23768
23770
23781
23790
23793
23800
23802
23809
23811
23825
23827
23841
23850
23859
23865
23871
23878
23880
23887
23888
23890
23897
23899
23902
23921
23922
23928
23936
23940
23956
23980
23982
23983
23994
23998
24000
24021
24026
24031
24034
24037
24046
24052
24056
24058
24060
24076
24082
24084
24095
24101
24106
24129
24137
24143
24145
24152
24155
24166
24167
24171
24173
24177
24179
24196
24208
24219
24226
24253
24254
24271
24281
24291
24297
24298
24299
24300
24304
24312
24313
24332
24333
24339
24342
24353
24360
24373
24377
24378
24383
24393
24403
24409
24410
24412
24414
24445
24456
24465
24468
24487
24501
24503
24504
24510
24527
24538
24559
24564
24568
24569
24588
24595
24608
24610
24622
24628
24644
24655
24659
24673
24684
24693
24696
24697
24703
24704
24724
24728
24734
24744
24755
24757
24763
24772
24778
24783
24791
24794
24803
24810
24813
24831
24842
24859
24868
24870
24886
24888
24889
24896
24898
24903
24913
24914
24925
24927
24942
24950
24958
24960
24961
24974
25000
25003
25008
25017
25021
25025
25040
25044
25045
25049
25051
25060
25062
25071
25085
25103
25109
25111
25112
25116
25121
25122
25124
25144
25148
25152
25153
25201
25203
25205
25221
25225
25226
25239
25248
25261
25265
25268
25269
25300
25309
25312
25314
25326
25335
25341
25351
25367
25382
25384
25391
25396
25408
25413
25415
25422
25430
25439
25464
25468
25473
25476
25486
25489
25490
25496
25502
25509
25541
25542
25555
25559
25564
25573
25578
25579
25581
25585
25591
25601
25606
25608
25620
25628
25643
25646
25654
25655
25658
25666
25673
25687
25699
25700
25704
25706
25709
25721
25728
25730
25731
25732
25733
25734
25736
25756
25758
25768
25793
25795
25798
25803
25807
25813
25836
25856
25857
25872
25873
25878
25881
25882
25885
25912
25920
25925
25926
25942
25945
25956
25974
25976
25980
25989
25992
25995
26012
26023
26036
26055
26056
26059
26067
26071
26076
26084
26094
26097
26098
26100
26102
26105
26112
26126
26137
26149
26155
26175
26178
26181
26184
26198
26211
26212
26217
26238
26240
26263
26274
26276
26281
26291
26304
26319
26325
26333
26342
26372
26378
26380
26386
26393
26420
26435
26445
26450
26459
26461
26475
26477
26481
26487
26494
26497
26498
26502
26503
26505
26511
26514
26521
26528
26545
26551
26557
26558
26565
26567
26571
26572
26576
26580
26583
26585
26592
26610
26621
26622
26630
26635
26638
26648
26659
26668
26670
26675
26690
26698
26709
26715
26720
26734
26749
26772
26787
26791
26795
26798
26812
26827
26831
26837
26838
26839
26845
26856
26858
26873
26890
26892
26893
26894
26903
26911
26916
26941
26945
26946
26951
26955
26973
26977
26992
27000
27009
27029
27033
27044
27045
27050
27056
27062
27065
27077
27080
27092
27098
27103
27106
27108
27110
27118
27127
27131
27147
27151
27155
27156
27159
27171
27176
27177
27186
27187
27189
27225
27233
27260
27265
27278
27280
27283
27291
27302
27315
27316
27328
27337
27346
27349
27352
27355
27356
27370
27378
27381
27383
27389
27394
27397
27415
27436
27438
27447
27456
27459
27463
27466
27474
27489
27491
27502
27507
27509
27518
27528
27530
27535
27556
27557
27564
27568
27569
27572
27576
27585
27596
27599
27603
27612
27626
27628
27655
27671
27674
27679
27681
27685
27698
27699
27700
27702
27708
27713
27732
27734
27736
27746
27755
27767
27768
27771
27774
27799
27808
27818
27830
27836
27847
27853
27855
27872
27882
27886
27891
27908
27917
27922
27930
27936
27939
27943
27953
27959
27973
27985
27999
28002
28014
28028
28033
28052
28054
28062
28069
28073
28077
28079
28082
28091
28095
28098
28112
28140
28145
28153
28159
28174
28186
28195
28203
28211
28215
28220
28225
28230
28242
28270
28280
28287
28288
28293
28314
28319
28321
28323
28325
28328
28338
28362
28368
28373
28374
28377
28382
28390
28399
28400
28413
28428
28451
28460
28462
28463
28464
28468
28477
28483
28486
28487
28492
28493
28494
28513
28521
28522
28527
28553
28556
28564
28569
28579
28593
28611
28619
28630
28633
28663
28676
28702
28706
28742
28746
28753
28761
28763
28764
28770
28772
28779
28784
28788
28790
28795
28796
28816
28819
28827
28849
28862
28872
28882
28883
28893
28896
28904
28914
28922
28927
28939
28940
28953
28958
28961
28977
28997
29004
29007
29008
29012
29028
29033
29054
29068
29077
29088
29091
29094
29104
29105
29112
29113
29119
29122
29132
29134
29138
29156
29163
29166
29169
29171
29182
29186
29191
29193
29197
29201
29205
29207
29216
29218
29227
29232
29236
29239
29240
29246
29247
29251
29258
29262
29263
29271
29284
29297
29307
29311
29328
29347
29358
29361
29368
29369
29377
29386
29409
29419
29420
29429
29440
29453
29458
29462
29488
29495
29504
29513
29536
29542
29543
29546
29559
29569
29578
29584
29586
29592
29600
29604
29619
29632
29633
29635
29636
29637
29661
29662
29688
29715
29722
29735
29740
29741
29742
29761
29773
29801
29810
29814
29833
29839
29842
29852
29855
29858
29863
29864
29883
29893
29899
29900
29901
29907
29922
29923
29925
29928
29931
29936
29964
29965
29967
29971
29987
29988
30016
30020
30040
30044
30046
30049
30050
30051
30053
30059
30062
30068
30078
30083
30084
30085
30093
30095
30098
30102
30110
30117
30124
30131
30135
30144
30151
30153
30165
30184
30187
30217
30227
30228
30229
30234
30249
30253
30254
30256
30266
30282
30294
30312
30357
30359
30360
30361
30365
30382
30394
30419
30431
30433
30448
30452
30465
30471
30473
30500
30512
30527
30538
30548
30550
30551
30554
30569
30582
30589
30590
30594
30603
30616
30618
30623
30639
30640
30645
30667
30676
30689
30710
30758
30765
30772
30773
30789
30790
30804
30812
30822
30824
30830
30831
30834
30855
30856
30859
30873
30876
30884
30886
30899
30904
30914
30915
30916
30924
30968
30983
30986
30988
30989
30997
30999
31006
31010
31013
31027
31032
31044
31054
31056
31068
31077
31082
31086
31093
31106
31110
31111
31118
31127
31130
31138
31148
31152
31157
31165
31170
31175
31183
31194
31195
31211
31224
31225
31231
31247
31251
31283
31292
31298
31303
31304
31317
31342
31345
31348
31349
31351
31355
31360
31361
31362
31363
31384
31385
31386
31400
31405
31410
31417
31420
31422
31427
31428
31432
31435
31437
31446
31451
31457
31460
31462
31468
31471
31474
31475
31512
31527
31531
31545
31564
31578
31579
31582
31595
31597
31599
31614
31626
31631
31636
31650
31651
31665
31670
31683
31684
31689
31717
31729
31747
31805
31808
31812
31816
31821
31826
31828
31837
31844
31847
31859
31862
31868
31871
31872
31873
31874
31877
31888
31894
31914
31929
31930
31941
31942
31951
31953
31954
31957
31960
31962
31965
31968
31969
31993
31995
32000
32016
32020
32023
32024
32031
32035
32046
32047
32053
32058
32065
32067
32070
32072
32073
32083
32097
32104
32110
32125
32128
32129
32136
32157
32183
32200
32226
32227
32236
32237
32238
32244
32253
32258
32260
32269
32292
32295
32313
32323
32328
32337
32342
32352
32356
32357
32361
32375
32376
32383
32386
32389
32399
32401
32410
32412
32415
32420
32421
32426
32431
32441
32446
32447
32454
32458
32459
32464
32466
32482
32495
32499
32501
32502
32507
32508
32523
32540
32565
32574
32611
32614
32615
32617
32629
32635
32640
32666
32675
32678
32679
32690
32691
32696
32706
32709
32710
32713
32715
32740
32749
32775
32785
32787
32788
32791
32794
32795
32796
32798
32799
32806
32808
32830
32841
32843
32845
32878
32879
32886
32887
32889
32890
32893
32896
32897
32903
32928
32939
32942
32944
32958
32964
32967
32981
32986
32991
32993
32995
32996
33010
33017
33027
33032
33035
33037
33080
33091
33092
33102
33108
33116
33125
33142
33153
33157
33161
33195
33200
33202
33222
33224
33228
33249
33268
33296
33326
33333
33350
33351
33371
33378
33382
33384
33387
33395
33402
33404
33415
33426
33440
33452
33460
33466
33471
33479
33480
33482
33483
33484
33490
33507
33515
33518
33520
33525
33541
33574
33580
33604
33609
33617
33641
33651
33661
33667
33677
33678
33679
33683
33686
33688
33701
33710
33712
33714
33715
33726
33728
33739
33748
33750
33755
33789
33793
33796
33799
33800
33802
33840
33877
33895
33899
33906
33915
33918
33923
33925
33927
33932
33935
33950
33954
33955
33966
33972
33978
33986
33987
33993
34004
34022
34027
34043
34051
34072
34082
34112
34117
34134
34135
34166
34184
34186
34189
34190
34193
34205
34206
34210
34219
34220
34258
34265
34291
34298
34317
34337
34347
34353
34359
34360
34361
34382
34388
34394
34418
34446
34456
34462
34464
34465
34470
34477
34478
34515
34528
34529
34540
34544
34557
34569
34577
34578
34579
34586
34594
34606
34609
34617
34618
34623
34629
34631
34634
34650
34656
34658
34660
34665
34685
34687
34710
34717
34720
34734
34741
34750
34761
34767
34769
34775
34778
34787
34791
34792
34803
34805
34809
34814
34816
34820
34826
34834
34843
34864
34866
34867
34876
34879
34883
34896
34897
34900
34907
34908
34912
34916
34923
34927
34948
34958
34962
34976
34980
34997
35004
35020
35026
35027
35030
35041
35054
35057
35067
35071
35087
35091
35101
35105
35114
35126
35129
35152
35174
35176
35180
35184
35185
35187
35190
35198
35207
35211
35214
35215
35216
35221
35226
35234
35235
35248
35256
35260
35264
35265
35274
35295
35299
35300
35303
35309
35312
35321
35340
35346
35368
35373
35382
35387
35393
35399
35403
35405
35407
35429
35432
35438
35441
35442
35444
35451
35466
35473
35479
35484
35489
35502
35503
35524
35528
35538
35550
35561
35565
35569
35571
35573
35579
35583
35594
35596
35606
35630
35634
35639
35643
35645
35658
35666
35668
35671
35673
35685
35686
35691
35694
35712
35716
35731
35760
35762
35766
35778
35791
35793
35795
35804
35805
35818
35823
35836
35842
35846
35863
35872
35873
35874
35880
35886
35887
35890
35896
35906
35910
35912
35915
35917
35918
35935
35936
35943
35961
35965
35974
35987
35997
36004
36013
36016
36023
36033
36035
36036
36041
36042
36046
36068
36073
36083
36096
36105
36127
36141
36142
36154
36158
36173
36176
36177
36206
36225
36246
36253
36257
36258
36267
36271
36289
36295
36316
36320
36331
36340
36341
36349
36355
36356
36357
36380
36385
36417
36421
36423
36425
36437
36439
36464
36470
36477
36486
36494
36499
36506
36518
36531
36534
36536
36538
36548
36558
36561
36584
36588
36592
36594
36596
36612
36615
36626
36628
36629
36637
36641
36645
36668
36696
36699
36710
36721
36726
36735
36737
36738
36750
36757
36763
36764
36769
36796
36808
36810
36815
36823
36828
36829
36844
36849
36852
36858
36859
36873
36875
36883
36889
36892
36895
36901
36916
36919
36938
36944
36948
36969
36972
36977
36984
36996
36999
37004
37007
37009
37037
37050
37063
37064
37065
37080
37085
37089
37091
37102
37126
37145
37150
37176
37178
37195
37205
37217
37220
37233
37238
37246
37295
37302
37319
37331
37338
37345
37348
37358
37364
37380
37382
37412
37413
37423
37427
37446
37454
37457
37460
37466
37467
37471
37496
37498
37508
37526
37532
37540
37547
37559
37561
37567
37579
37580
37587
37595
37604
37607
37615
37629
37644
37647
37648
37662
37671
37686
37695
37697
37698
37703
37726
37730
37731
37737
37753
37756
37762
37783
37817
37839
37846
37857
37878
37880
37881
37885
37896
37901
37925
37931
37941
37942
37962
37965
37981
37982
37983
37993
38016
38027
38030
38037
38039
38053
38060
38085
38098
38107
38128
38129
38131
38136
38138
38161
38163
38167
38172
38184
38209
38227
38243
38244
38250
38264
38269
38278
38289
38312
38318
38320
38327
38331
38335
38344
38369
38379
38382
38399
38416
38419
38422
38423
38427
38434
38444
38446
38455
38466
38497
38507
38522
38523
38524
38533
38538
38547
38566
38573
38584
38587
38600
38605
38612
38614
38622
38623
38627
38632
38637
38639
38647
38654
38684
38685
38704
38709
38712
38717
38721
38734
38738
38741
38744
38758
38772
38773
38776
38820
38823
38826
38827
38828
38829
38850
38856
38860
38861
38880
38884
38885
38892
38905
38916
38919
38923
38929
38930
38936
38937
38938
38946
38947
38959
38960
38964
38966
38968
38981
38987
38993
38999
39005
39006
39016
39029
39031
39043
39057
39061
39071
39086
39088
39103
39105
39114
39127
39167
39177
39195
39206
39219
39226
39229
39248
39253
39265
39273
39281
39286
39288
39290
39297
39300
39301
39303
39308
39315
39316
39318
39325
39344
39353
39361
39386
39394
39395
39408
39415
39429
39456
39457
39459
39463
39473
39478
39489
39514
39517
39519
39520
39522
39525
39529
39535
39539
39540
39557
39563
39587
39588
39594
39610
39620
39627
39628
39633
39636
39639
39642
39646
39647
39650
39653
39667
39672
39674
39684
39693
39704
39706
39715
39716
39734
39738
39756
39773
39785
39786
39790
39792
39793
39824
39827
39835
39840
39848
39849
39853
39857
39859
39870
39874
39892
39909
39912
39918
39923
39929
39932
39933
39934
39944
39966
39971
40001
40008
40023
40027
40032
40036
40050
40061
40063
40065
40070
40074
40081
40084
40096
40106
40113
40129
40134
40142
40146
40149
40163
40164
40173
40175
40176
40182
40189
40199
40215
40222
40224
40227
40233
40244
40247
40250
40260
40261
40271
40294
40302
40333
40358
40366
40381
40384
40386
40393
40401
40403
40408
40432
40433
40449
40451
40468
40470
40480
40484
40485
40492
40493
40494
40495
40514
40522
40525
40552
40591
40608
40611
40636
40637
40638
40642
40643
40646
40648
40659
40662
40674
40678
40684
40690
40699
40704
40705
40713
40735
40752
40760
40770
40774
40783
40790
40795
40796
40797
40804
40840
40851
40861
40866
40867
40869
40872
40876
40877
40892
40895
40921
40922
40946
40956
40959
40964
40972
40983
40993
40994
40999
41021
41024
41025
41028
41033
41034
41037
41051
41052
41061
41091
41105
41111
41117
41130
41156
41167
41170
41174
41234
41261
41269
41274
41290
41292
41296
41304
41312
41326
41336
41347
41359
41366
41368
41371
41377
41386
41392
41416
41421
41436
41440
41442
41445
41451
41453
41457
41460
41467
41476
41481
41515
41520
41530
41532
41534
41541
41547
41548
41559
41567
41570
41572
41579
41602
41604
41618
41621
41622
41630
41633
41635
41637
41638
41642
41644
41650
41657
41665
41690
41691
41694
41696
41705
41713
41722
41724
41731
41739
41742
41746
41752
41762
41763
41767
41769
41785
41795
41804
41808
41810
41813
41816
41820
41823
41825
41848
41862
41872
41873
41879
41883
41889
41890
41894
41896
41902
41911
41913
41920
41926
41937
41961
41972
41995
41999
42007
42014
42016
42029
42044
42051
42056
42070
42083
42095
42109
42115
42123
42125
42134
42137
42147
42150
42153
42155
42163
42165
42168
42173
42188
42203
42209
42210
42214
42217
42218
42228
42242
42243
42246
42252
42254
42258
42262
42263
42277
42282
42284
42292
42296
42297
42305
42308
42309
42335
42337
42341
42379
42391
42396
42399
42403
42406
42418
42428
42430
42431
42480
42482
42487
42489
42508
42519
42523
42528
42530
42535
42545
42549
42554
42556
42571
42573
42583
42594
42599
42605
42623
42628
42632
42642
42647
42650
42667
42683
42684
42687
42702
42714
42723
42734
42739
42744
42752
42756
42759
42760
42764
42775
42788
42796
42810
42822
42825
42842
42869
42877
42882
42888
42912
42915
42920
42938
42940
42942
42944
42949
42963
42966
42971
42987
42989
42990
42998
43004
43012
43023
43050
43054
43055
43056
43065
43078
43088
43089
43108
43116
43129
43143
43144
43149
43154
43158
43159
43168
43201
43205
43207
43208
43210
43216
43222
43224
43250
43253
43258
43269
43276
43283
43290
43298
43318
43327
43339
43357
43374
43392
43401
43421
43434
43435
43439
43458
43464
43468
43473
43474
43485
43486
43491
43498
43499
43506
43510
43516
43522
43531
43536
43556
43559
43568
43571
43587
43599
43603
43613
43620
43621
43630
43646
43649
43659
43677
43682
43686
43690
43701
43705
43712
43715
43719
43727
43729
43736
43737
43747
43753
43754
43773
43783
43789
43792
43793
43799
43803
43811
43823
43835
43845
43855
43857
43861
43867
43869
43875
43894
43905
43909
43920
43929
43932
43947
43951
43963
43970
43972
43986
43993
44000
44001
44011
44017
44021
44026
44034
44052
44057
44067
44080
44081
44101
44103
44109
44121
44124
44132
44133
44144
44148
44158
44167
44174
44185
44187
44194
44215
44222
44235
44239
44247
44252
44257
44292
44300
44302
44305
44314
44334
44344
44345
44347
44369
44378
44379
44382
44386
44401
44402
44405
44406
44428
44448
44456
44457
44468
44472
44473
44505
44508
44514
44529
44536
44539
44543
44548
44550
44557
44562
44593
44598
44631
44634
44638
44660
44666
44671
44676
44678
44699
44700
44702
44710
44712
44719
44729
44733
44745
44747
44750
44752
44754
44755
44758
44779
44785
44786
44793
44798
44800
44818
44820
44824
44829
44837
44869
44871
44876
44902
44903
44924
44925
44927
44934
44941
44954
44959
44964
44968
44975
44992
44993
45000
45001
45013
45015
45017
45019
45042
45057
45078
45082
45083
45091
45098
45101
45113
45120
45140
45148
45153
45156
45163
45169
45173
45197
45198
45204
45211
45231
45236
45238
45249
45283
45285
45288
45289
45298
45314
45316
45319
45329
45352
45375
45385
45394
45417
45426
45430
45435
45436
45448
45459
45468
45475
45476
45477
45480
45488
45518
45552
45571
45583
45600
45624
45627
45648
45649
45652
45658
45676
45677
45682
45689
45691
45699
45703
45708
45713
45720
45721
45736
45742
45745
45752
45761
45777
45779
45790
45807
45811
45815
45817
45832
45871
45875
45878
45904
45937
45973
45995
46016
46042
46057
46063
46070
46071
46074
46087
46089
46095
46097
46101
46105
46124
46130
46138
46142
46158
46159
46187
46188
46191
46205
46210
46215
46223
46224
46235
46247
46249
46251
46256
46272
46280
46282
46293
46295
46301
46302
46333
46346
46359
46366
46369
46370
46385
46403
46410
46420
46423
46429
46435
46441
46449
46450
46453
46466
46472
46473
46488
46489
46494
46496
46498
46499
46516
46521
46526
46534
46548
46556
46557
46569
46573
46584
46596
46609
46615
46620
46624
46658
46659
46675
46676
46702
46745
46751
46752
46769
46770
46772
46774
46775
46780
46783
46805
46810
46815
46834
46839
46843
46850
46856
46870
46895
46903
46923
46932
46933
46934
46946
46947
46949
46961
46965
46966
46971
46979
46981
46999
47000
47004
47005
47028
47029
47034
47038
47039
47040
47042
47045
47069
47082
47093
47094
47103
47110
47111
47126
47127
47145
47158
47159
47161
47182
47184
47191
47199
47200
47201
47209
47228
47234
47240
47263
47270
47272
47276
47277
47280
47283
47292
47296
47297
47301
47304
47310
47329
47336
47340
47347
47372
47379
47380
47383
47384
47387
47407
47414
47418
47429
47437
47472
47477
47479
47495
47506
47525
47535
47544
47551
47569
47583
47594
47602
47634
47636
47647
47659
47662
47663
47668
47670
47688
47697
47698
47706
47721
47738
47743
47749
47757
47770
47777
47781
47790
47796
47812
47819
47829
47840
47841
47844
47850
47851
47855
47863
47873
47874
47881
47912
47921
47923
47943
47949
47952
47963
47966
47983
47992
47993
48007
48025
48050
48055
48064
48068
48072
48079
48081
48084
48115
48122
48123
48125
48129
48134
48151
48152
48153
48164
48165
48172
48178
48187
48194
48204
48214
48221
48231
48235
48248
48257
48267
48268
48273
48279
48287
48288
48294
48307
48315
48324
48346
48355
48356
48358
48360
48367
48377
48379
48391
48393
48397
48414
48426
48428
48434
48445
48450
48461
48466
48473
48476
48492
48497
48509
48511
48513
48520
48541
48561
48566
48583
48597
48613
48614
48620
48622
48641
48656
48667
48680
48687
48703
48714
48720
48738
48751
48752
48757
48770
48773
48783
48784
48812
48821
48825
48855
48860
48862
48885
48894
48898
48907
48913
48925
48931
48942
48951
48977
48987
48991
48998
49030
49036
49040
49041
49042
49045
49046
49064
49089
49110
49116
49128
49154
49157
49160
49169
49173
49175
49188
49210
49213
49214
49215
49216
49222
49224
49225
49240
49263
49291
49295
49299
49300
49310
49311
49325
49332
49348
49355
49380
49405
49411
49419
49424
49426
49451
49453
49461
49463
49469
49482
49483
49489
49503
49513
49520
49553
49555
49573
49590
49615
49668
49678
49691
49710
49713
49718
49722
49729
49738
49785
49803
49809
49814
49816
49817
49823
49824
49825
49826
49847
49849
49858
49868
49873
49886
49898
49916
49939
49943
49955
49978
49987
50004
50010
50023
50031
50033
50035
50036
50052
50082
50084
50094
50096
50097
50120
50127
50146
50162
50174
50182
50186
50191
50192
50205
50215
50233
50245
50260
50261
50263
50280
50281
50282
50284
50291
50297
50302
50303
50307
50308
50320
50344
50357
50359
50371
50382
50386
50409
50421
50423
50424
50431
50453
50454
50457
50459
50476
50492
50498
50505
50515
50523
50535
50547
50549
50552
50561
50569
50585
50589
50592
50593
50604
50617
50649
50652
50653
50655
50658
50659
50663
50677
50678
50680
50685
50686
50723
50726
50728
50751
50755
50758
50764
50768
50780
50783
50791
50795
50804
50808
50821
50827
50846
50876
50877
50888
50891
50896
50913
50933
50944
50950
50952
50954
50960
50974
50984
50986
50996
50997
51005
51007
51011
51021
51023
51029
51045
51077
51083
51084
51092
51099
51116
51123
51170
51179
51189
51204
51214
51218
51225
51229
51233
51250
51252
51257
51266
51270
51284
51292
51307
51313
51314
51319
51321
51322
51333
51340
51345
51348
51351
51352
51359
51364
51382
51384
51386
51417
51418
51425
51426
51429
51436
51445
51453
51467
51479
51481
51484
51490
51493
51498
51502
51504
51511
51523
51529
51541
51551
51570
51572
51580
51582
51585
51594
51595
51599
51606
51609
51611
51616
51618
51620
51637
51644
51646
51651
51658
51668
51677
51695
51709
51710
51713
51716
51724
51727
51744
51748
51749
51750
51756
51758
51772
51773
51779
51788
51791
51795
51800
51817
51834
51840
51846
51847
51858
51861
51871
51876
51877
51881
51888
51891
51896
51900
51906
51907
51913
51914
51921
51924
51932
51937
51953
51965
51972
51973
51979
51983
52003
52014
52017
52018
52039
52048
52051
52056
52067
52071
52074
52086
52089
52106
52107
52117
52133
52134
52159
52160
52169
52176
52177
52183
52187
52193
52209
52220
52223
52240
52245
52249
52251
52260
52272
52280
52282
52284
52286
52296
52298
52303
52304
52308
52316
52320
52321
52333
52336
52342
52344
52345
52346
52356
52370
52377
52378
52382
52385
52393
52412
52417
52431
52432
52439
52445
52480
52494
52502
52504
52505
52509
52515
52532
52537
52557
52579
52616
52617
52620
52622
52631
52632
52636
52645
52646
52651
52662
52673
52679
52685
52691
52701
52704
52712
52720
52721
52724
52727
52736
52739
52748
52751
52782
52784
52798
52801
52811
52814
52821
52825
52832
52836
52840
52849
52856
52870
52875
52884
52890
52907
52913
52920
52925
52928
52934
52940
52944
52953
52962
52966
52967
52968
52979
52981
53001
53005
53015
53023
53049
53052
53054
53069
53071
53075
53077
53090
53103
53110
53115
53127
53139
53145
53146
53153
53162
53163
53170
53181
53182
53193
53194
53195
53208
53222
53224
53225
53228
53234
53240
53244
53256
53264
53265
53277
53284
53306
53311
53314
53315
53317
53327
53328
53355
53370
53374
53386
53403
53419
53434
53435
53458
53461
53466
53474
53479
53482
53486
53493
53498
53499
53500
53506
53517
53541
53544
53552
53555
53559
53572
53573
53579
53597
53625
53627
53628
53633
53639
53642
53654
53661
53664
53673
53691
53693
53697
53702
53703
53704
53713
53715
53719
53723
53726
53727
53729
53740
53761
53769
53772
53773
53779
53781
53784
53786
53790
53804
53821
53823
53838
53840
53847
53860
53863
53867
53881
53885
53887
53893
53897
53900
53903
53906
53929
53930
53935
53956
53960
53961
53976
53980
53985
53994
54007
54010
54013
54020
54022
54030
54033
54039
54041
54050
54051
54060
54081
54109
54110
54136
54147
54155
54157
54209
54212
54215
54217
54218
54238
54242
54247
54251
54260
54264
54268
54280
54283
54292
54297
54310
54312
54316
54321
54324
54335
54336
54351
54366
54374
54377
54381
54386
54391
54394
54398
54402
54407
54418
54429
54434
54457
54458
54460
54465
54469
54478
54492
54493
54507
54512
54522
54532
54534
54538
54574
54584
54589
54595
54610
54615
54618
54622
54636
54637
54641
54642
54643
54653
54663
54689
54692
54696
54715
54720
54723
54735
54774
54778
54779
54783
54801
54802
54806
54822
54827
54838
54860
54872
54880
54883
54891
54896
54907
54924
54934
54942
54952
54962
54977
54986
54987
55003
55009
55018
55020
55031
55034
55057
55058
55066
55067
55081
55086
55103
55122
55130
55134
55141
55143
55145
55150
55158
55187
55198
55200
55203
55215
55232
55238
55262
55268
55281
55288
55291
55303
55309
55319
55322
55325
55344
55346
55356
55358
55363
55372
55373
55376
55397
55402
55409
55417
55429
55431
55447
55453
55469
55472
55478
55481
55487
55494
55502
55504
55505
55513
55516
55524
55528
55543
55550
55554
55570
55572
55575
55589
55595
55599
55615
55616
55620
55623
55624
55626
55632
55640
55652
55663
55666
55670
55675
55694
55716
55719
55727
55728
