49
55
259
405
443
486
508
700
1085
1219
1288
1315
1328
1415
1438
1539
1716
1845
1966
2176
2210
2271
2286
2439
2477
2532
2565
2661
2683
2718
2725
2865
2942
2959
3015
3156
3197
3291
3357
3359
3735
3737
3780
3834
3835
3838
3931
4126
4209
4382
4396
4496
4586
4605
4652
4832
4838
5123
5132
5154
5325
5350
5383
5395
5426
5545
5615
5755
5774
5843
5879
5893
5932
6085
6249
6297
6325
6353
6529
6610
6777
6861
6886
6905
6984
7295
7299
7300
7439
7480
7564
7573
7632
7682
7685
7719
7833
7839
7875
8173
8219
8242
8334
8403
8441
8531
8575
8621
8654
8705
8856
9190
9232
9235
9279
9289
9774
9785
9831
9849
9911
9923
9970
9976
10213
10233
10284
10328
10392
10431
10443
10562
10590
10645
10666
10696
10950
11015
11101
11156
11217
11276
11377
11388
11442
11474
11581
11821
11911
12003
12045
12110
12204
12251
12361
12366
12440
12531
12719
12743
12838
12956
12964
12981
13038
13174
13325
13419
13580
13589
13616
13667
13801
13939
13961
13970
14106
14121
14157
14172
14195
14319
14371
14544
14634
14649
14678
14738
14874
14879
15145
15180
15216
15371
15387
15492
15591
15738
15751
15826
15868
16249
16379
16468
16686
16700
16731
16880
16888
16901
16960
17393
17480
17502
17573
17599
17617
17699
17719
17780
17867
17987
18039
18102
18109
18144
18168
18225
18226
18383
18409
18414
18603
18799
18811
18987
18999
19086
19094
19189
19220
19772
19811
20053
20157
20398
20428
20509
20556
20621
20652
20927
21044
21065
21178
21372
21383
21469
21479
21635
21659
21760
21777
21792
22099
22130
22212
22299
22492
22519
22783
22812
22880
22883
22905
23113
23191
23206
23296
23335
23444
23625
23642
23670
23672
23684
23846
24071
24130
24337
24437
24530
24591
24721
24773
25208
25213
25215
25485
25561
25617
25804
25842
25879
25883
25911
26157
26200
26230
26277
26313
26496
26523
26534
26568
26680
26810
26815
26918
26950
27047
27235
27448
27470
27548
27620
27658
27672
27706
27743
27916
27921
27986
28109
28175
28218
28467
28539
28604
28638
28831
28916
28921
28993
29178
29190
29256
29416
29442
29672
29718
29738
29777
29806
29976
30125
30137
30182
30231
30315
30718
30725
30782
31031
31072
31081
31267
31508
31598
31694
31756
31907
31955
32115
32132
32147
32158
32218
32223
32321
32452
32515
32610
32822
33100
33132
33186
33409
33467
33658
33732
33757
33783
33907
34054
34060
34071
34517
34522
34669
34678
34695
34739
34759
34877
34913
35074
35084
35106
35146
35199
35293
35514
35580
35680
35711
35748
35750
35770
35828
35877
36022
36082
36121
36175
36184
36312
36496
36498
36540
36586
36695
36722
37115
37133
37175
37198
37251
37285
37436
37470
37472
37625
37743
37970
38105
38142
38239
38343
38354
38388
38457
38631
38725
38739
38805
38915
38918
39153
39190
39246
39280
39363
39393
39410
39450
39548
39626
39635
39841
39867
39877
39902
39903
39916
39963
40201
40256
40499
40516
40534
40562
40632
40726
40844
40884
40917
40939
41072
41088
41165
41175
41247
41422
41437
41475
41487
41495
41600
41619
41641
41702
41740
41755
41934
42018
42128
42181
42227
42239
42268
42499
42693
42766
42831
42866
43022
43080
43084
43190
43212
43361
43373
43449
43517
43663
43674
43738
43742
43838
44491
44568
44679
44682
44905
45110
45193
45320
45446
45509
45776
45946
45954
46007
46139
46175
46184
46192
46310
46351
46559
46743
46814
46954
47007
47047
47088
47324
47326
47332
47341
47388
47468
47476
47687
47987
48035
48206
48339
48412
48448
48486
48672
48701
48747
48778
48831
48895
48988
49033
49043
49427
49611
49620
49631
49635
49762
49902
49903
49983
50156
50204
50262
50338
50464
50564
50838
50871
50977
50994
51062
51293
51341
51421
51562
51712
52042
52150
52195
52483
52735
52800
52859
52931
53008
53009
53039
53091
53120
53239
53259
53320
53387
53425
53542
53690
53738
53750
53831
54063
54148
54166
54216
54250
54409
54413
54530
54690
54770
54804
54863
54887
54970
54980
55048
55201
55265
55435
55539
55735
