7
36
56
74
102
115
128
172
200
203
219
281
292
357
358
360
363
394
409
434
459
468
470
483
530
571
576
595
609
620
628
674
677
682
685
747
785
798
810
828
855
881
931
951
971
987
1009
1048
1051
1107
1142
1154
1160
1162
1204
1209
1291
1312
1338
1343
1401
1424
1494
1495
1687
1708
1745
1771
1794
1850
1855
1886
1905
1972
2009
2018
2019
2038
2091
2094
2110
2111
2131
2134
2155
2167
2201
2295
2380
2411
2414
2457
2474
2480
2488
2507
2539
2613
2649
2680
2716
2724
2732
2845
2894
2939
2941
2982
3001
3035
3038
3057
3071
3079
3199
3212
3213
3254
3261
3282
3331
3343
3345
3393
3413
3429
3430
3463
3481
3501
3502
3513
3530
3536
3584
3608
3645
3657
3699
3701
3724
3728
3783
3784
3825
3844
3866
3874
3885
3905
3981
4099
4207
4220
4296
4331
4339
4381
4414
4443
4513
4553
4568
4632
4635
4643
4658
4711
4803
4810
4816
4840
4930
4944
4982
4999
5004
5010
5108
5122
5186
5206
5207
5230
5231
5235
5271
5290
5310
5400
5432
5489
5515
5537
5578
5590
5595
5624
5687
5791
5800
5815
5818
5840
5864
5943
5952
5988
6019
6027
6118
6173
6188
6207
6233
6269
6270
6290
6349
6375
6419
6439
6565
6653
6668
6675
6699
6714
6734
6828
6837
6876
6888
6930
6973
6976
6999
7039
7044
7072
7102
7128
7215
7251
7253
7340
7342
7355
7360
7375
7380
7404
7447
7482
7498
7499
7501
7502
7537
7611
7622
7827
7860
7862
7904
7912
7971
7972
7988
8054
8073
8112
8113
8175
8189
8230
8327
8340
8357
8402
8427
8435
8470
8474
8476
8490
8516
8580
8582
8686
8709
8766
8773
8805
8819
8841
8907
8959
9009
9012
9085
9111
9113
9116
9198
9209
9217
9257
9323
9325
9335
9349
9378
9513
9551
9577
9578
9622
9631
9634
9653
9680
9696
9706
9720
9731
9735
9740
9752
9770
9778
9786
9809
9888
9905
9931
9974
9989
10006
10016
10037
10046
10054
10094
10130
10134
10135
10136
10139
10163
10230
10420
10427
10447
10459
10525
10529
10557
10583
10587
10616
10651
10670
10695
10702
10713
10714
10733
10753
10757
10879
10900
10920
10932
10997
11013
11032
11051
11053
11085
11169
11182
11186
11221
11223
11237
11286
11343
11407
11500
11537
11540
11551
11556
11631
11646
11742
11799
11825
11863
11882
11890
11953
11956
11961
11997
12075
12088
12112
12165
12174
12178
12199
12228
12229
12244
12270
12272
12291
12367
12370
12377
12386
12405
12447
12477
12490
12544
12565
12591
12597
12603
12697
12714
12776
12828
12831
12851
12982
12989
13053
13113
13312
13326
13372
13378
13433
13444
13515
13544
13560
13568
13636
13649
13687
13750
13767
13774
13778
13780
13811
13816
13844
13855
13859
13866
13946
13964
14012
14014
14039
14048
14128
14167
14196
14197
14263
14275
14284
14310
14316
14320
14329
14340
14382
14388
14393
14459
14506
14526
14548
14585
14596
14605
14660
14690
14711
14714
14732
14780
14823
14840
14909
14998
15062
15075
15110
15117
15163
15205
15208
15232
15234
15252
15321
15333
15336
15337
15362
15363
15368
15451
15474
15505
15508
15517
15551
15570
15574
15584
15615
15625
15629
15645
15685
15717
15731
15735
15741
15766
15799
15821
15833
15861
15874
15882
15892
15965
15986
16019
16036
16056
16058
16062
16077
16114
16169
16229
16257
16262
16294
16310
16319
16325
16353
16362
16429
16434
16451
16508
16532
16602
16713
16715
16721
16732
16764
16779
16782
16817
16892
16897
16898
16909
16925
16937
16940
16966
16971
17016
17056
17068
17093
17120
17123
17186
17198
17213
17262
17265
17274
17315
17323
17330
17361
17373
17401
17436
17466
17547
17561
17579
17619
17685
17705
17733
17775
17776
17786
17804
17857
17927
17946
18068
18080
18132
18139
18145
18156
18228
18245
18257
18311
18357
18412
18428
18532
18534
18594
18632
18658
18677
18687
18692
18696
18737
18814
18825
18838
18839
18840
18872
18927
18992
18996
19080
19099
19104
19117
19131
19156
19180
19196
19238
19268
19272
19322
19328
19358
19373
19388
19467
19485
19590
19647
19657
19661
19706
19731
19759
19774
19802
19885
19903
19925
19953
19979
20078
20089
20108
20172
20204
20208
20221
20316
20332
20370
20391
20418
20482
20522
20534
20550
20572
20575
20577
20585
20587
20620
20693
20774
20854
20867
20900
20917
20928
20941
20947
20955
21011
21025
21028
21043
21089
21182
21202
21208
21233
21240
21247
21305
21310
21313
21315
21362
21377
21437
21489
21493
21510
21514
21588
21634
21644
21665
21681
21689
21763
21768
21774
21848
21889
21909
21963
21985
21993
22006
22037
22109
22155
22159
22173
22189
22191
22213
22247
22250
22268
22292
22312
22328
22350
22364
22370
22437
22454
22457
22465
22476
22541
22542
22671
22684
22688
22695
22740
22742
22764
22814
22822
22827
22861
22872
22935
22938
22963
22978
22979
22995
23064
23077
23094
23107
23109
23119
23203
23207
23214
23222
23226
23285
23304
23382
23422
23565
23597
23607
23651
23717
23721
23723
23727
23742
23765
23895
23898
23910
23938
24001
24012
24053
24081
24103
24112
24123
24200
24222
24234
24252
24266
24268
24319
24328
24348
24365
24450
24480
24495
24529
24567
24574
24596
24597
24606
24641
24646
24698
24708
24712
24733
24752
24764
24828
24844
24892
24900
24904
24923
24951
24966
25009
25033
25066
25090
25135
25184
25191
25220
25232
25247
25293
25317
25319
25350
25390
25410
25454
25520
25532
25534
25569
25605
25639
25641
25647
25678
25684
25729
25751
25763
25764
25796
25805
25853
25863
25889
25933
25948
25954
25971
25983
25990
26033
26049
26091
26173
26201
26228
26243
26247
26314
26324
26331
26332
26336
26340
26371
26397
26407
26427
26430
26467
26473
26516
26562
26628
26632
26636
26685
26702
26724
26757
26779
26782
26823
26828
26844
26889
26901
26930
26948
26956
26969
27019
27069
27115
27130
27144
27217
27261
27351
27362
27400
27401
27451
27455
27472
27512
27527
27559
27587
27644
27665
27696
27719
27720
27752
27777
27795
27797
27812
27850
27874
27927
27948
27960
27964
27971
27995
28027
28051
28055
28058
28089
28107
28125
28139
28165
28168
28172
28247
28277
28312
28335
28353
28369
28378
28403
28416
28421
28434
28541
28549
28568
28631
28654
28660
28693
28699
28721
28900
28908
28910
28926
28934
28952
28975
28990
28995
29010
29045
29060
29062
29063
29083
29187
29248
29279
29285
29300
29354
29463
29511
29515
29552
29558
29602
29606
29666
29700
29708
29785
29786
29847
29872
29914
29956
30023
30037
30065
30071
30119
30138
30186
30221
30247
30273
30299
30307
30329
30390
30427
30456
30463
30496
30552
30566
30574
30581
30617
30621
30626
30662
30732
30747
30754
30759
30785
30810
30825
30836
30845
30881
30894
30921
30927
30942
30972
30979
31015
31026
31065
31135
31198
31202
31219
31277
31290
31321
31334
31340
31373
31381
31412
31421
31433
31434
31459
31472
31483
31510
31566
31576
31615
31624
31639
31702
31749
31830
31928
31932
31939
31963
31985
32036
32043
32066
32078
32088
32111
32121
32149
32150
32159
32199
32208
32267
32279
32283
32306
32334
32377
32380
32406
32521
32608
32623
32641
32648
32654
32672
32674
32685
32699
32723
32769
32802
32823
32931
32959
33005
33067
33077
33088
33095
33098
33130
33159
33193
33231
33234
33243
33302
33338
33342
33375
33388
33431
33435
33437
33502
33562
33582
33593
33594
33653
33697
33702
33756
33761
33801
33807
33809
33824
33846
33861
33878
33889
33957
33968
33977
34019
34066
34091
34094
34103
34127
34128
34138
34163
34179
34194
34196
34229
34292
34319
34330
34395
34398
34492
34559
34566
34591
34592
34615
34621
34664
34689
34704
34756
34780
34821
34831
34888
34890
34960
34985
35049
35061
35064
35073
35075
35110
35133
35134
35159
35178
35181
35193
35225
35236
35259
35263
35278
35292
35296
35327
35358
35422
35469
35480
35481
35510
35534
35572
35601
35608
35620
35675
35736
35789
35827
35903
35942
35986
35996
36001
36006
36051
36062
36094
36113
36125
36133
36185
36250
36284
36337
36365
36395
36396
36483
36556
36566
36589
36623
36662
36673
36689
36712
36752
36776
36799
36805
36843
36864
36920
36940
36946
36983
36993
37024
37030
37039
37041
37066
37110
37130
37149
37160
37172
37181
37221
37254
37271
37278
37284
37298
37312
37407
37419
37435
37445
37489
37501
37510
37552
37560
37617
37631
37650
37676
37696
37720
37736
37751
37797
37813
37841
37849
37903
37907
37923
37927
37930
37948
37963
37992
38020
38023
38032
38041
38062
38065
38067
38155
38185
38215
38238
38291
38306
38352
38380
38381
38407
38410
38415
38438
38460
38464
38468
38601
38619
38645
38780
38793
38822
38849
38882
38889
38895
38908
38942
38943
38945
38980
39017
39123
39161
39180
39183
39235
39241
39251
39255
39327
39366
39398
39431
39432
39443
39462
39476
39490
39496
39692
39707
39747
39766
39821
39833
39842
39847
39873
39875
39890
39915
39983
40007
40011
40060
40080
40150
40177
40180
40194
40342
40387
40521
40533
40539
40617
40624
40650
40666
40677
40685
40708
40762
40782
40785
40802
40806
40819
40951
40960
40963
40971
41038
41053
41089
41098
41108
41148
41239
41262
41271
41281
41282
41305
41448
41464
41480
41504
41624
41656
41686
41689
41699
41783
41817
41852
41868
41899
41941
41951
42000
42025
42045
42049
42072
42107
42122
42130
42138
42160
42164
42179
42180
42197
42207
42223
42257
42345
42351
42373
42421
42463
42497
42511
42520
42550
42553
42597
42612
42620
42749
42770
42780
42840
42956
43000
43028
43072
43097
43102
43115
43118
43155
43214
43219
43236
43254
43284
43285
43308
43313
43317
43322
43358
43359
43441
43460
43461
43478
43484
43503
43511
43577
43623
43627
43650
43714
43750
43768
43856
43858
43886
43890
43900
43921
43954
43957
43958
43992
44023
44056
44082
44224
44231
44270
44308
44424
44564
44577
44578
44588
44591
44653
44662
44691
44696
44721
44722
44724
44743
44762
44854
44857
44877
44907
44910
44938
44971
45018
45043
45075
45103
45108
45124
45131
45172
45174
45190
45210
45233
45234
45239
45292
45340
45356
45380
45384
45443
45462
45469
45493
45511
45529
45535
45557
45565
45569
45605
45618
45636
45666
45683
45705
45706
45766
45782
45818
45852
45854
45865
45960
45975
45987
46004
46019
46033
46038
46096
46194
46197
46250
46275
46281
46300
46322
46323
46349
46352
46432
46451
46476
46500
46502
46509
46519
46533
46597
46610
46628
46634
46637
46662
46755
46759
46825
46831
46837
46873
46875
46910
46941
46957
47012
47018
47054
47060
47114
47138
47205
47213
47249
47257
47264
47278
47281
47306
47425
47447
47464
47474
47487
47524
47539
47571
47574
47591
47626
47756
47779
47783
47788
47825
47935
47941
47959
47971
48014
48078
48101
48135
48171
48198
48203
48223
48226
48250
48275
48312
48321
48365
48369
48396
48401
48423
48474
48496
48578
48657
48662
48665
48671
48674
48712
48805
48818
48859
48886
48897
48978
49000
49018
49020
49049
49063
49077
49134
49136
49180
49199
49274
49320
49337
49428
49515
49609
49621
49640
49701
49719
49735
49740
49763
49789
49828
49837
49862
49877
49899
49900
49908
49926
49927
50041
50072
50078
50125
50148
50154
50194
50211
50214
50229
50254
50269
50275
50296
50352
50369
50422
50435
50491
50648
50664
50665
50669
50682
50705
50711
50715
50767
50771
50787
50788
50859
50899
50964
50985
51006
51034
51036
51073
51085
51087
51103
51104
51105
51137
51151
51190
51216
51223
51260
51269
51277
51291
51312
51332
51343
51353
51355
51360
51381
51383
51388
51390
51395
51460
51461
51556
51587
51598
51613
51619
51629
51767
51787
51799
51828
51856
51872
51885
51886
51909
51915
51942
52033
52040
52066
52073
52095
52096
52126
52162
52258
52366
52368
52374
52397
52403
52422
52490
52525
52541
52581
52584
52611
52615
52630
52639
52641
52648
52656
52674
52690
52698
52719
52731
52813
52911
52923
52964
52970
52996
53044
53068
53141
53184
53365
53369
53424
53470
53475
53478
53483
53485
53502
53511
53524
53551
53560
53589
53595
53602
53605
53646
53649
53665
53793
53802
53803
53808
53877
53955
53964
54004
54103
54127
54137
54167
54207
54230
54239
54271
54293
54315
54425
54428
54456
54529
54588
54592
54601
54730
54750
54777
54869
54901
54916
54933
54968
54969
54982
55011
55110
55152
55156
55209
55216
55230
55270
55287
55294
55302
55312
55333
55359
55361
55371
55401
55413
55437
55442
55473
55511
55527
55530
55585
55629
55671
55672
55674
55678
55689
55702
